TURKSAT 1B
1 23200U 94049B   26238.87475287 -.00000044  00000+0  00000+0 0  9999
2 23200  13.7727  15.9951 0017222 122.9101 242.9279  0.99044849116006
TURKSAT 1C
1 23949U 96040B   26238.81711674 -.00000360  00000+0  00000+0 0  9990
2 23949  12.1649  29.5998 0007195 172.7408 191.2893  1.00312380110390
TURKSAT 2A
1 26666U 01002A   26238.72060863 -.00000186  00000+0  00000+0 0  9996
2 26666   9.1262  60.7740 0006572 334.8987  14.5587  0.98209941 92973
TURKSAT 3A
1 33056U 08030B   26239.19299433  .00000145  00000+0  00000+0 0  9998
2 33056   0.0315  84.8038 0004886  54.4419 307.6488  1.00271778 53065
TURKSAT-3USAT
1 39152U 13018C   26239.21876023  .00003071  00000+0  27315-3 0  9995
2 39152  97.7933 329.7626 0010715 216.6658 143.3831 14.96799388721718
TURKSAT 4A
1 39522U 14007A   26239.26919939  .00000144  00000+0  00000+0 0  9990
2 39522   0.0924 282.1707 0002592 309.3648 242.9115  1.00275709 45684
TURKSAT 4B
1 40984U 15060A   26239.19464101  .00000113  00000+0  00000+0 0  9998
2 40984   0.0450 280.8808 0002359 226.4525 308.1970  1.00276623 39800
TURKSAT 5A
1 47306U 21001A   26238.12160410  .00000152  00000+0  00000+0 0  9996
2 47306   0.0138  97.9909 0000142 356.4124 314.6811  1.00273428 20664
TURKSAT 5B
1 50212U 21126A   26238.69408853  .00000144  00000+0  00000+0 0  9993
2 50212   0.0746 327.1135 0001358 354.3305 305.3651  1.00271780 17008
TURKSAT 6A
1 60233U 24127A   26239.12175405  .00000145  00000+0  00000+0 0  9995
2 60233   0.0489 239.1493 0004288 306.3244 235.7133  1.00272135  7723
GOKTURK 2
1 39030U 12073A   26239.28300057 -.00000129  00000+0 -12032-4 0  9990
2 39030  97.6799  73.1492 0002165  91.0830 269.0628 14.75598295734995
GOKTURK 1A
1 41875U 16073A   26239.31694079  .00000194  00000+0  47362-4 0  9992
2 41875  98.1575 132.9172 0001559  83.8228 276.3151 14.62739231519220
IMECE
1 56178U 23054A   26239.28094902  .00000263  00000+0  56854-4 0  9999
2 56178  98.1137 143.2823 0008607 312.4685  47.5791 14.65887670180825
RASAT
1 37791U 11044D   26239.26382182  .00000439  00000+0  84591-4 0  9997
2 37791  98.0571 329.5732 0019839 330.7090 113.1699 14.68224143803615
BILSAT 1
1 27943U 03042E   26238.44907166  .00000304  00000+0  63316-4 0  9991
2 27943  98.4037  50.3795 0011818 126.7064 233.5227 14.67099502224423
CONNECTA T1.2
1 55012U 23001D   26239.15546728  .00047567  00000+0  67526-3 0  9996
2 55012  97.3204 311.3581 0005734 179.4982 180.6280 15.56270398203568
CONNECTA IOT-1
1 60472U 24149E   26239.14865179  .00004056  00000+0  17023-3 0  9992
2 60472  97.3716 314.2466 0003091  59.3615 300.7927 15.24024858112609
CONNECTA IOT-2
1 60522U 24149BG  26239.21171952  .00004514  00000+0  18643-3 0  9993
2 60522  97.3799 316.2888 0008063  78.9329 281.2815 15.24493497112719
CONNECTA IOT-3
1 60475U 24149H   26239.16944523  .00004124  00000+0  17303-3 0  9995
2 60475  97.3695 313.9982 0003719  43.4228 316.7302 15.24031965112610
CONNECTA IOT-4
1 60524U 24149BJ  26239.20018093  .00032287  00000+0  69052-3 0  9998
2 60524  97.3778 324.5274 0005512  43.5670 316.6013 15.44740653113289
CONNECTA IOT-5
1 62703U 25009CY  26239.20056642  .00000675  00000+0  68143-4 0  9994
2 62703  97.6988 316.4313 0002709 152.1275 208.0091 14.94282216 87979
CONNECTA IOT-6
1 62709U 25009DE  26239.17618012  .00001160  00000+0  11308-3 0  9991
2 62709  97.6989 316.1856 0000359 178.7479 181.3743 14.94358532 87965
CONNECTA IOT-7
1 62715U 25009DL  26239.22018320  .00002183  00000+0  20844-3 0  9991
2 62715  97.7042 316.6661 0001087  33.2034 326.9255 14.94314727 87955
CONNECTA IOT-8
1 62695U 25009CQ  26239.20150002  .00001646  00000+0  16242-3 0  9990
2 62695  97.7038 315.6286 0004079 113.2767 246.8883 14.93328187 87899
CONNECTA IOT-9
1 64534U 25135G   26239.27598825  .00003222  00000+0  15090-3 0  9992
2 64534  97.4828 353.5506 0002314 258.6985 101.3990 15.20440970 65626
CONNECTA IOT-10
1 64555U 25135AD  26238.30820106  .00006275  00000+0  28744-3 0  9999
2 64555  97.4740 352.7103 0002483  83.9001 276.2517 15.20838141 65517
CONNECTA IOT-11
1 64557U 25135AF  26238.77880987  .00004492  00000+0  20616-3 0  9994
2 64557  97.4762 353.4905 0003478 102.5836 257.5788 15.20925269 65598
CONNECTA IOT-12
1 64553U 25135AB  26239.27620302  .00003533  00000+0  16333-3 0  9995
2 64553  97.4801 354.2094 0002436 115.6543 244.4944 15.20824288 65676
CONNECTA IOT-13
1 67400U 26004AP  26238.92718595  .00006974  00000+0  34203-3 0  9996
2 67400  97.4603 236.9324 0010427 102.2956 257.9447 15.18383571 34485
CONNECTA IOT-14
1 67401U 26004AQ  26234.88427200  .00002619  00000+0  12849-3 0  9992
2 67401  97.4550 232.9842 0011594 104.5932 255.6589 15.18934720 33886
CONNECTA IOT-15
1 67402U 26004AR  26238.80539949  .00007949  00000+0  39152-3 0  9990
2 67402  97.4606 236.6484 0005304  89.3642 270.8199 15.18221872 34448
CONNECTA IOT-16
1 67390U 26004AD  26238.97398666  .00008450  00000+0  41493-3 0  9992
2 67390  97.4624 236.9394 0005741  96.0917 264.0972 15.18307980 34485
